size of file is 1000 * 3
Iteration #1, total mistakes 5, accuracy: 0.56
Iteration #2, total mistakes 18, accuracy: 0.844
Iteration #3, total mistakes 12, accuracy: 1.0
Iteration #4, total mistakes 0, accuracy: 1.0
gaussian result:
0:  -1.0 -1.0 -1.1078243288980514
1:  -1.0 -1.0 -0.9814481033054641
2:  -1.0 -1.0 -1.0788347523138528
3:  -1.0 -1.0 -0.5615465780689277
4:  -1.0 -1.0 -0.9906959265715348
5:  -1.0 -1.0 -0.8410197080300339
6:  -1.0 -1.0 -0.4655264297907179
7:  -1.0 -1.0 -0.052338747579584684
8:  -1.0 -1.0 -1.0164499844766999
9:  -1.0 -1.0 -1.1320621187035949
10:  -1.0 -1.0 -0.9974739265637859
11:  -1.0 -1.0 -0.9921890690178946
12:  -1.0 -1.0 -0.37190620229244536
13:  -1.0 -1.0 -1.0688031354138405
14:  -1.0 -1.0 -0.9906249311881499
15:  -1.0 -1.0 -0.3270417790147417
16:  -1.0 -1.0 -0.8995178300672058
17:  -1.0 -1.0 -0.13213500213825494
18:  -1.0 -1.0 -0.04060117783517833
19:  -1.0 -1.0 -0.181245930582282
20:  -1.0 -1.0 -1.0285605068590036
21:  -1.0 -1.0 -1.05708327164604
22:  -1.0 -1.0 -0.992622398531166
23:  -1.0 -1.0 -0.31446536653861445
24:  -1.0 -1.0 -0.5287516573590466
25:  -1.0 -1.0 -1.1279459287021512
26:  -1.0 -1.0 -0.3774702109958587
27:  -1.0 -1.0 -0.772775720051897
28:  -1.0 -1.0 -0.31362760144919893
29:  -1.0 -1.0 -0.12995849667645698
30:  -1.0 -1.0 -0.22792238831261596
31:  -1.0 -1.0 -0.841090342657984
32:  -1.0 -1.0 -0.9697099368604581
33:  -1.0 -1.0 -0.24017102186510023
34:  -1.0 -1.0 -0.3751236644399343
35:  -1.0 -1.0 -1.036958323713766
36:  -1.0 -1.0 -0.3181751275639148
37:  -1.0 -1.0 -0.7082769032964672
38:  -1.0 -1.0 -0.0646609599959266
39:  -1.0 -1.0 -0.3133255370872012
40:  -1.0 -1.0 -0.9807169043703321
41:  -1.0 -1.0 -0.9953792575428335
42:  -1.0 -1.0 -0.07304823172281195
43:  -1.0 -1.0 -0.9678416113552
44:  -1.0 -1.0 -0.8983820590495962
45:  -1.0 -1.0 -0.9129697172909057
46:  -1.0 -1.0 -0.6274968983911101
47:  -1.0 -1.0 -0.2612003727914515
48:  -1.0 -1.0 -0.9004657932052805
49:  -1.0 -1.0 -0.4790924333006097
50:  -1.0 -1.0 -0.1869552799574025
51:  -1.0 -1.0 -0.4148048565828972
52:  -1.0 -1.0 -1.1276048344278098
53:  -1.0 -1.0 -0.8719652821465382
54:  -1.0 -1.0 -0.10882786658308558
55:  -1.0 -1.0 -0.20488781054602925
56:  -1.0 -1.0 -0.8047556568758671
57:  -1.0 -1.0 -0.9690284115912128
58:  -1.0 -1.0 -0.15439608615920872
59:  -1.0 -1.0 -0.17799954871649168
60:  -1.0 -1.0 -0.08995124568213302
61:  -1.0 -1.0 -0.641784794581516
62:  -1.0 -1.0 -0.7662730345006837
63:  -1.0 -1.0 -0.15757673897427024
64:  -1.0 -1.0 -1.0042925646934362
65:  -1.0 -1.0 -0.33906773787366595
66:  -1.0 -1.0 -0.7298022498252935
67:  -1.0 -1.0 -0.6242239100880682
68:  -1.0 -1.0 -0.2433561268671471
69:  -1.0 -1.0 -0.3840747451504908
70:  -1.0 -1.0 -0.7865480353827626
71:  -1.0 -1.0 -0.8622781485493825
72:  -1.0 -1.0 -0.5729401418922944
73:  -1.0 -1.0 -0.3257213189044483
74:  -1.0 -1.0 -0.45412754094788593
75:  -1.0 -1.0 -0.9793137356855339
76:  -1.0 -1.0 -0.8588229493627723
77:  -1.0 -1.0 -0.19733855602458647
78:  -1.0 -1.0 -0.9418171572018813
79:  -1.0 -1.0 -0.746747676437975
80:  -1.0 -1.0 -1.0903590624625275
81:  -1.0 -1.0 -0.6961380303697258
82:  -1.0 -1.0 -1.0096943496052773
83:  -1.0 -1.0 -0.2802863871348775
84:  -1.0 -1.0 -0.4935834889179497
85:  -1.0 -1.0 -0.6997052943033418
86:  -1.0 -1.0 -0.13621564077697823
87:  -1.0 -1.0 -0.8976909064755343
88:  -1.0 -1.0 -0.06259311701781571
89:  -1.0 -1.0 -0.8462550984321082
90:  -1.0 -1.0 -0.18158365509123373
91:  -1.0 -1.0 -0.47259826274191585
92:  -1.0 -1.0 -0.4539077380506267
93:  -1.0 -1.0 -0.25146233482532193
94:  -1.0 -1.0 -0.5053890068331642
95:  -1.0 -1.0 -0.5089727055520732
96:  -1.0 -1.0 -0.5368344743061974
97:  -1.0 -1.0 -0.7164718100608565
98:  -1.0 -1.0 -0.5585392469764506
99:  -1.0 -1.0 -0.26189469655689973
100:  -1.0 -1.0 -0.5362440629799579
101:  -1.0 -1.0 -0.0830100408156485
102:  -1.0 -1.0 -0.6694259219035736
103:  -1.0 -1.0 -0.6545066931700904
104:  -1.0 -1.0 -0.22478874796216117
105:  -1.0 -1.0 -0.41941446338138866
106:  -1.0 -1.0 -0.7508717117940895
107:  -1.0 -1.0 -0.23264588091777103
108:  -1.0 -1.0 -0.34807000255432213
109:  -1.0 -1.0 -0.19899540680981817
110:  -1.0 -1.0 -0.1626980277329686
111:  -1.0 -1.0 -0.6144904553527168
112:  -1.0 -1.0 -0.07651685958258482
113:  -1.0 -1.0 -0.8861975288898891
114:  -1.0 -1.0 -0.6975318273110457
115:  -1.0 -1.0 -0.7446838312532439
116:  -1.0 -1.0 -0.10351692458037608
117:  -1.0 -1.0 -0.32021858548514254
118:  -1.0 -1.0 -1.1204180949896865
119:  -1.0 -1.0 -0.147480999918973
120:  -1.0 -1.0 -0.13133065173475783
121:  -1.0 -1.0 -0.976012226704145
122:  -1.0 -1.0 -0.9292184901798434
123:  -1.0 -1.0 -0.7459944807152823
124:  -1.0 -1.0 -0.7236996053178745
125:  -1.0 -1.0 -0.5393721476773368
126:  -1.0 -1.0 -0.6409515472749002
127:  -1.0 -1.0 -0.8311162944346674
128:  -1.0 -1.0 -0.20085025528339737
129:  -1.0 -1.0 -0.5111746737560657
130:  -1.0 -1.0 -0.4223910925522322
131:  -1.0 -1.0 -0.7842745680948809
132:  -1.0 -1.0 -0.18610735509722356
133:  -1.0 -1.0 -0.7112399751037148
134:  -1.0 -1.0 -0.8586145199581552
135:  -1.0 -1.0 -0.8248982445773694
136:  -1.0 -1.0 -0.33460518499875896
137:  -1.0 -1.0 -0.7535502790473468
138:  -1.0 -1.0 -0.6701511284634963
139:  -1.0 -1.0 -0.7299543771450303
140:  -1.0 -1.0 -0.8329271181526063
141:  -1.0 -1.0 -0.17446923555401403
142:  -1.0 -1.0 -0.8197771579803268
143:  -1.0 -1.0 -0.4533680739323478
144:  -1.0 -1.0 -0.6487434792027542
145:  -1.0 -1.0 -0.7849654232060599
146:  -1.0 -1.0 -0.17797883747861268
147:  -1.0 -1.0 -0.3939263240620903
148:  -1.0 -1.0 -0.883673146597557
149:  -1.0 -1.0 -0.847121445943903
150:  -1.0 -1.0 -0.15625271246625866
151:  -1.0 -1.0 -0.08910776905607412
152:  -1.0 -1.0 -0.5672174731707481
153:  -1.0 -1.0 -0.731056409661544
154:  -1.0 -1.0 -0.9661846801390005
155:  -1.0 -1.0 -0.6624228007648638
156:  -1.0 -1.0 -0.3503478335070879
157:  -1.0 -1.0 -0.07298241410304795
158:  -1.0 -1.0 -0.35726527509811296
159:  -1.0 -1.0 -0.15004133732107336
160:  -1.0 -1.0 -0.9763173638670218
161:  -1.0 -1.0 -0.16951609123837613
162:  -1.0 -1.0 -0.20753954869512248
163:  -1.0 -1.0 -0.3719632477905079
164:  -1.0 -1.0 -0.47559956162476175
165:  -1.0 -1.0 -0.16321583372201173
166:  -1.0 -1.0 -0.32105944392483077
167:  -1.0 -1.0 -0.20094153874787324
168:  -1.0 -1.0 -0.38415650830031683
169:  -1.0 -1.0 -0.03684953578832118
170:  -1.0 -1.0 -0.9810118063462472
171:  -1.0 -1.0 -0.8204858160144024
172:  -1.0 -1.0 -0.5289307117009553
173:  -1.0 -1.0 -0.9306107809422879
174:  -1.0 -1.0 -0.6377931666902779
175:  -1.0 -1.0 -0.7038205977636908
176:  -1.0 -1.0 -0.6981116146785524
177:  -1.0 -1.0 -0.4761695814947515
178:  -1.0 -1.0 -0.3990904902480466
179:  -1.0 -1.0 -0.836350385350644
180:  -1.0 -1.0 -0.872513516872882
181:  -1.0 -1.0 -0.8508400932507171
182:  -1.0 -1.0 -0.33831149103556396
183:  -1.0 -1.0 -0.7934029848225104
184:  -1.0 -1.0 -0.04720736407650469
185:  -1.0 -1.0 -0.15320064278835888
186:  -1.0 -1.0 -0.774091130813507
187:  -1.0 -1.0 -0.978195705189224
188:  -1.0 -1.0 -0.09146166200473718
189:  -1.0 -1.0 -0.669934618843442
190:  -1.0 -1.0 -0.6885117907490179
191:  -1.0 -1.0 -0.8146767417878321
192:  -1.0 -1.0 -0.09775857569796736
193:  -1.0 -1.0 -0.17772092508873555
194:  -1.0 -1.0 -0.3203527783947931
195:  -1.0 -1.0 -0.363025790569492
196:  -1.0 -1.0 -0.808423326176675
197:  -1.0 -1.0 -0.3813129497427038
198:  -1.0 -1.0 -0.7588515128389306
199:  -1.0 -1.0 -0.7337559961164547
200:  -1.0 -1.0 -0.5136371878651044
201:  -1.0 -1.0 -0.3882456938209734
202:  -1.0 -1.0 -0.07681794591337118
203:  -1.0 -1.0 -0.9506488856038147
204:  -1.0 -1.0 -0.2957163753255016
205:  -1.0 -1.0 -0.19751038412826136
206:  -1.0 -1.0 -0.8560430063532836
207:  -1.0 -1.0 -0.3728987355467563
208:  -1.0 -1.0 -0.6512058612171148
209:  -1.0 -1.0 -0.3857022390897223
210:  -1.0 -1.0 -0.643660693456573
211:  -1.0 -1.0 -0.046817599967912904
212:  -1.0 -1.0 -0.07857126998948635
213:  -1.0 -1.0 -1.1421513146411262
214:  -1.0 -1.0 -0.15049501970291929
215:  -1.0 -1.0 -0.9039062191879356
216:  -1.0 -1.0 -1.0312840406557282
217:  -1.0 -1.0 -0.09907231953074473
218:  -1.0 -1.0 -0.823600849595761
219:  -1.0 -1.0 -0.420245082135143
220:  -1.0 -1.0 -1.1143647640006404
221:  -1.0 -1.0 -0.12106489573241173
222:  -1.0 -1.0 -0.30954417878285984
223:  -1.0 -1.0 -0.4779701887458444
224:  -1.0 -1.0 -0.5395698184590025
225:  -1.0 -1.0 -0.8704928807691626
226:  -1.0 -1.0 -0.9662898228544695
227:  -1.0 -1.0 -0.16365107696135892
228:  -1.0 -1.0 -0.1861778328725327
229:  -1.0 -1.0 -0.5260730046297778
230:  -1.0 -1.0 -0.8243175219802662
231:  -1.0 -1.0 -0.46119341785973317
232:  -1.0 -1.0 -0.4295760559627773
233:  -1.0 -1.0 -0.6532228734012865
234:  -1.0 -1.0 -0.7234219762270349
235:  -1.0 -1.0 -1.0182893504193111
236:  -1.0 -1.0 -0.6527016252326495
237:  -1.0 -1.0 -0.6890727376657388
238:  -1.0 -1.0 -0.828759539056843
239:  -1.0 -1.0 -0.5205095679082828
240:  -1.0 -1.0 -0.9675487298719921
241:  -1.0 -1.0 -0.8743073860063394
242:  -1.0 -1.0 -0.891956339170671
243:  -1.0 -1.0 -0.31263008002018694
244:  -1.0 -1.0 -0.29004345040231977
245:  -1.0 -1.0 -0.13030951482746791
246:  -1.0 -1.0 -0.18049818186087443
247:  -1.0 -1.0 -0.33580907674750243
248:  -1.0 -1.0 -0.9073213075668071
249:  -1.0 -1.0 -0.3037224486982366
250:  -1.0 -1.0 -0.711232892511516
251:  -1.0 -1.0 -0.38981779239432135
252:  -1.0 -1.0 -0.36627112978779225
253:  -1.0 -1.0 -0.12606899603163288
254:  -1.0 -1.0 -0.7759391399599875
255:  -1.0 -1.0 -0.42062170849671326
256:  -1.0 -1.0 -0.9615941174245203
257:  -1.0 -1.0 -0.17116774702345927
258:  -1.0 -1.0 -0.6006630974055086
259:  -1.0 -1.0 -0.8199482263266316
260:  -1.0 -1.0 -0.6326343050236245
261:  -1.0 -1.0 -0.3066722946830136
262:  -1.0 -1.0 -0.344094788974168
263:  -1.0 -1.0 -0.32137200206485295
264:  -1.0 -1.0 -0.9108865207680994
265:  -1.0 -1.0 -0.8219237586746282
266:  -1.0 -1.0 -0.7429765893029856
267:  -1.0 -1.0 -0.8455139273092641
268:  -1.0 -1.0 -0.11164913213778487
269:  -1.0 -1.0 -0.23987266388527723
270:  -1.0 -1.0 -0.165040778405716
271:  -1.0 -1.0 -1.1043138763090479
272:  -1.0 -1.0 -0.7459881144251288
273:  -1.0 -1.0 -0.551770492131324
274:  -1.0 -1.0 -0.48004399934343267
275:  -1.0 -1.0 -1.0836910114206129
276:  -1.0 -1.0 -0.9760168665744213
277:  -1.0 -1.0 -0.1539827795638497
278:  -1.0 -1.0 -0.9053943838891484
279:  -1.0 -1.0 -0.9277932070200607
280:  -1.0 -1.0 -0.49051988385242806
281:  -1.0 -1.0 -0.13311327485090005
282:  -1.0 -1.0 -1.1184672933237616
283:  -1.0 -1.0 -0.5544821362066679
284:  -1.0 -1.0 -0.8991833921826434
285:  -1.0 -1.0 -0.44198763653179124
286:  -1.0 -1.0 -0.22075762312814642
287:  -1.0 -1.0 -0.09763588954629818
288:  -1.0 -1.0 -0.1961428287554043
289:  -1.0 -1.0 -0.7280309612581962
290:  -1.0 -1.0 -0.7745951213437218
291:  -1.0 -1.0 -0.6273200664993133
292:  -1.0 -1.0 -0.3935416821513306
293:  -1.0 -1.0 -0.39882740540349704
294:  -1.0 -1.0 -0.3308527726330912
295:  -1.0 -1.0 -1.0967326898611718
296:  -1.0 -1.0 -0.9653449237373958
297:  -1.0 -1.0 -0.4130692767125907
298:  -1.0 -1.0 -0.8354133903712206
299:  -1.0 -1.0 -0.6862356724705116
300:  -1.0 -1.0 -0.06773509544876842
301:  -1.0 -1.0 -0.7477984965574607
302:  -1.0 -1.0 -0.9183128895084839
303:  -1.0 -1.0 -0.6556218900808628
304:  -1.0 -1.0 -0.7359275281959249
305:  -1.0 -1.0 -0.590457384725579
306:  -1.0 -1.0 -0.18720376596203708
307:  -1.0 -1.0 -0.4498954763481316
308:  -1.0 -1.0 -1.0467498650831482
309:  -1.0 -1.0 -0.7277531017193027
310:  -1.0 -1.0 -0.348468756679103
311:  -1.0 -1.0 -0.5905445841318303
312:  -1.0 -1.0 -0.931681402027673
313:  -1.0 -1.0 -0.03573581031881112
314:  -1.0 -1.0 -0.7846301034939064
315:  -1.0 -1.0 -0.12429912278768093
316:  -1.0 -1.0 -0.5208224163295936
317:  -1.0 -1.0 -0.9010395577520486
318:  -1.0 -1.0 -0.5934001639200129
319:  -1.0 -1.0 -0.9968002459719365
320:  -1.0 -1.0 -0.957146269441713
321:  -1.0 -1.0 -0.7322905559381997
322:  -1.0 -1.0 -0.3969987992024093
323:  -1.0 -1.0 -0.9342344728658194
324:  -1.0 -1.0 -0.7635359481518607
325:  -1.0 -1.0 -0.8209465458560419
326:  -1.0 -1.0 -0.3161054715731394
327:  -1.0 -1.0 -0.6601685007742931
328:  -1.0 -1.0 -0.9406678666013675
329:  -1.0 -1.0 -0.8772143289857668
330:  -1.0 -1.0 -0.09447862128344671
331:  -1.0 -1.0 -0.9118240768130238
332:  -1.0 -1.0 -0.07661675175556465
333:  -1.0 -1.0 -0.8220503397593254
334:  -1.0 -1.0 -0.9233541015953272
335:  -1.0 -1.0 -1.0635226591505782
336:  -1.0 -1.0 -0.6904127739016478
337:  -1.0 -1.0 -0.5766352052908771
338:  -1.0 -1.0 -0.6314118180546554
339:  -1.0 -1.0 -0.45132002647954195
340:  -1.0 -1.0 -0.5607460748076833
341:  -1.0 -1.0 -0.15764238263196673
342:  -1.0 -1.0 -0.7132185768179338
343:  -1.0 -1.0 -0.8251251013554497
344:  -1.0 -1.0 -0.029718918642354045
345:  -1.0 -1.0 -0.47266478543220325
346:  -1.0 -1.0 -0.8685427890351602
347:  -1.0 -1.0 -0.8196807209517877
348:  -1.0 -1.0 -0.3830720204031703
349:  -1.0 -1.0 -0.9211502273650282
350:  -1.0 -1.0 -0.7260541012267652
351:  -1.0 -1.0 -0.3111473478204121
352:  -1.0 -1.0 -0.20026109389523314
353:  -1.0 -1.0 -0.5345399947695705
354:  -1.0 -1.0 -0.15517996661392017
355:  -1.0 -1.0 -0.6288571564261647
356:  -1.0 -1.0 -0.707174669705463
357:  -1.0 -1.0 -0.6338125071001144
358:  -1.0 -1.0 -0.5496434078888368
359:  -1.0 -1.0 -0.8549158921773351
360:  -1.0 -1.0 -0.8063098823989884
361:  -1.0 -1.0 -0.048025897295267274
362:  -1.0 -1.0 -0.9361329411846405
363:  -1.0 -1.0 -0.6519193232030863
364:  -1.0 -1.0 -0.5985217120577738
365:  -1.0 -1.0 -0.6547843408836881
366:  -1.0 -1.0 -0.48702526080802017
367:  -1.0 -1.0 -0.3455791387283703
368:  -1.0 -1.0 -0.8268828511414023
369:  -1.0 -1.0 -0.18514267685751987
370:  -1.0 -1.0 -0.11367990065964373
371:  -1.0 -1.0 -0.8628516267827984
372:  -1.0 -1.0 -0.2628924519177716
373:  -1.0 -1.0 -0.82394791510449
374:  -1.0 -1.0 -0.8317413966210602
375:  -1.0 -1.0 -0.11493799200365268
376:  -1.0 -1.0 -0.048065819122575924
377:  -1.0 -1.0 -0.3253257820405727
378:  -1.0 -1.0 -0.5618416732574447
379:  -1.0 -1.0 -0.8520163859301022
380:  -1.0 -1.0 -0.40804014868228644
381:  -1.0 -1.0 -0.8926310760442954
382:  -1.0 -1.0 -1.1358685427584723
383:  -1.0 -1.0 -0.4842764597649347
384:  -1.0 -1.0 -0.2350715476242426
385:  -1.0 -1.0 -0.5455128127053703
386:  -1.0 -1.0 -0.38629562887742275
387:  -1.0 -1.0 -0.9677403080187166
388:  -1.0 -1.0 -1.0277852489111936
389:  -1.0 -1.0 -0.25303082710164393
390:  -1.0 -1.0 -0.7448855942922032
391:  -1.0 -1.0 -0.9074463330891909
392:  -1.0 -1.0 -0.5589218327291869
393:  -1.0 -1.0 -0.10576826219086813
394:  -1.0 -1.0 -1.0333329503254818
395:  -1.0 -1.0 -0.41999074473186054
396:  -1.0 -1.0 -0.8431389285823667
397:  -1.0 -1.0 -0.5117784974665223
398:  -1.0 -1.0 -0.48034927182607634
399:  -1.0 -1.0 -0.18555448659866272
400:  -1.0 -1.0 -0.9348287779172656
401:  -1.0 -1.0 -0.6089777623137664
402:  -1.0 -1.0 -0.9249289877053763
403:  -1.0 -1.0 -0.8172600169364274
404:  -1.0 -1.0 -0.7087701622176826
405:  -1.0 -1.0 -0.36949984670477387
406:  -1.0 -1.0 -0.9637109944697558
407:  -1.0 -1.0 -0.8320334855385662
408:  -1.0 -1.0 -1.0070777992504563
409:  -1.0 -1.0 -0.2640796956874957
410:  -1.0 -1.0 -0.6807116998471593
411:  -1.0 -1.0 -0.7887129658461361
412:  -1.0 -1.0 -0.5362100153256774
413:  -1.0 -1.0 -0.47362960880204286
414:  -1.0 -1.0 -0.8824936342042649
415:  -1.0 -1.0 -0.5962419709446382
416:  -1.0 -1.0 -0.39144704797479357
417:  -1.0 -1.0 -0.772029460672836
418:  -1.0 -1.0 -1.013515905450858
419:  -1.0 -1.0 -0.09839564678308006
420:  -1.0 -1.0 -0.762157659429232
421:  -1.0 -1.0 -0.23822290941028232
422:  -1.0 -1.0 -0.6416618050271565
423:  -1.0 -1.0 -0.5844086067725641
424:  -1.0 -1.0 -0.9251630416327242
425:  -1.0 -1.0 -0.6287692006866379
426:  -1.0 -1.0 -0.5257839092558945
427:  -1.0 -1.0 -0.24029742928130424
428:  -1.0 -1.0 -0.5592023156075244
429:  -1.0 -1.0 -0.7717319299745768
430:  -1.0 -1.0 -0.8173718745261224
431:  -1.0 -1.0 -0.9247761790979835
432:  -1.0 -1.0 -0.631247963337754
433:  -1.0 -1.0 -0.5539792115908084
434:  -1.0 -1.0 -0.23147710084415318
435:  -1.0 -1.0 -0.13056635374026945
436:  -1.0 -1.0 -0.22659582609522103
437:  -1.0 -1.0 -1.049635350596129
438:  -1.0 -1.0 -0.18604349124087446
439:  -1.0 -1.0 -0.8520945552250018
440:  -1.0 -1.0 -0.08790481640209837
441:  -1.0 -1.0 -0.8326224714285315
442:  -1.0 -1.0 -0.7718545742859566
443:  -1.0 -1.0 -0.7963957312332917
444:  -1.0 -1.0 -0.49549563873871705
445:  -1.0 -1.0 -0.25137465858877256
446:  -1.0 -1.0 -0.9612206835210382
447:  -1.0 -1.0 -0.8557987312460362
448:  -1.0 -1.0 -0.5716990146432022
449:  -1.0 -1.0 -0.06190684092316697
450:  -1.0 -1.0 -0.17715923152968244
451:  -1.0 -1.0 -0.949413751253644
452:  -1.0 -1.0 -0.6020259291787017
453:  -1.0 -1.0 -1.0129529255912124
454:  -1.0 -1.0 -0.6245318607760223
455:  -1.0 -1.0 -0.9938066767286626
456:  -1.0 -1.0 -0.4573978002644844
457:  -1.0 -1.0 -0.8456027920306366
458:  -1.0 -1.0 -0.7250220994453482
459:  -1.0 -1.0 -0.4768278847752043
460:  -1.0 -1.0 -0.6097231238056208
461:  -1.0 -1.0 -0.8353380690133007
462:  -1.0 -1.0 -0.9449770091058963
463:  -1.0 -1.0 -0.494903379379338
464:  -1.0 -1.0 -0.1680419671598014
465:  -1.0 -1.0 -0.7387627717830075
466:  -1.0 -1.0 -1.1206266034950523
467:  -1.0 -1.0 -0.7267901197130678
468:  -1.0 -1.0 -0.6065110678193139
469:  -1.0 -1.0 -0.4991636689361694
470:  -1.0 -1.0 -0.22392972182212387
471:  -1.0 -1.0 -0.7108863470701948
472:  -1.0 -1.0 -0.8992217918141701
473:  -1.0 -1.0 -0.2872028981781614
474:  -1.0 -1.0 -0.6114772417837531
475:  -1.0 -1.0 -0.4788580601630708
476:  -1.0 -1.0 -0.7886534007004686
477:  -1.0 -1.0 -0.15740894844977993
478:  -1.0 -1.0 -0.08260836766318638
479:  -1.0 -1.0 -0.8172417768686168
480:  -1.0 -1.0 -0.7245844545686756
481:  -1.0 -1.0 -1.1460564968428466
482:  -1.0 -1.0 -0.4767180390245272
483:  -1.0 -1.0 -0.589068702228655
484:  -1.0 -1.0 -0.15565765751176253
485:  -1.0 -1.0 -0.5542656012194054
486:  -1.0 -1.0 -0.8058430739969745
487:  -1.0 -1.0 -1.065333548171709
488:  -1.0 -1.0 -0.9183981518267789
489:  -1.0 -1.0 -0.9701834988934455
490:  -1.0 -1.0 -0.48456694038115694
491:  -1.0 -1.0 -0.8686995271402901
492:  -1.0 -1.0 -0.5081761898596446
493:  -1.0 -1.0 -0.275661060904603
494:  -1.0 -1.0 -1.0170566457881964
495:  -1.0 -1.0 -0.9111220054748338
496:  -1.0 -1.0 -0.9926801524878093
497:  -1.0 -1.0 -0.6826721289001335
498:  -1.0 -1.0 -0.9915000515152278
499:  -1.0 -1.0 -0.2849365318043231
500:  1.0 1.0 0.9968528293192206
501:  1.0 1.0 0.9608469989100971
502:  1.0 1.0 1.0166226225855677
503:  1.0 1.0 1.002481667288107
504:  1.0 1.0 0.3846794749989338
505:  1.0 1.0 0.9886131071187519
506:  1.0 1.0 0.9584696607624982
507:  1.0 1.0 0.8346838041395349
508:  1.0 1.0 0.9861837952471808
509:  1.0 1.0 0.8342759654176588
510:  1.0 1.0 0.0037510171393859725
511:  1.0 1.0 0.6537838109589076
512:  1.0 1.0 0.5774757627645696
513:  1.0 1.0 0.9520613355002936
514:  1.0 1.0 0.07540694049910696
515:  1.0 1.0 0.8365712661233429
516:  1.0 1.0 0.7060277488290073
517:  1.0 1.0 0.7895860615008756
518:  1.0 1.0 0.23569895534819293
519:  1.0 1.0 0.7511096880190622
520:  1.0 1.0 0.71368325611785
521:  1.0 1.0 0.974982646890202
522:  1.0 1.0 0.38257317592294265
523:  1.0 1.0 0.9688530240813693
524:  1.0 1.0 0.14672802982237523
525:  1.0 1.0 0.5964058173534937
526:  1.0 1.0 0.3806018177207224
527:  1.0 1.0 0.3877459787273218
528:  1.0 1.0 0.4441996084887917
529:  1.0 1.0 0.8261626643072724
530:  1.0 1.0 0.9127010049752549
531:  1.0 1.0 0.16082824679881683
532:  1.0 1.0 0.6455090130408817
533:  1.0 1.0 0.20966975735467785
534:  1.0 1.0 0.220950770501179
535:  1.0 1.0 0.24075448833740795
536:  1.0 1.0 0.7492831285563349
537:  1.0 1.0 0.2357415169295915
538:  1.0 1.0 0.6736745970510306
539:  1.0 1.0 0.6258146707585229
540:  1.0 1.0 1.0153586854985024
541:  1.0 1.0 0.19505956436711205
542:  1.0 1.0 0.29227630664675497
543:  1.0 1.0 0.4213437243953557
544:  1.0 1.0 0.1540472189363832
545:  1.0 1.0 0.6082496813807899
546:  1.0 1.0 0.22253165295578112
547:  1.0 1.0 0.5272649106247451
548:  1.0 1.0 0.9594000764104842
549:  1.0 1.0 0.03366972036662861
550:  1.0 1.0 0.6152925677255945
551:  1.0 1.0 0.45669049613535334
552:  1.0 1.0 0.6418878121788006
553:  1.0 1.0 0.8735455461267099
554:  1.0 1.0 0.2647318703116326
555:  1.0 1.0 0.101126431828545
556:  1.0 1.0 0.0960647058068577
557:  1.0 1.0 0.7130523451840286
558:  1.0 1.0 0.2632491677317223
559:  1.0 1.0 0.24342897455989226
560:  1.0 1.0 0.7767321321241895
561:  1.0 1.0 0.42897831785518814
562:  1.0 1.0 0.526908547280966
563:  1.0 1.0 0.34826129403923317
564:  1.0 1.0 0.34961639615738316
565:  1.0 1.0 0.2307731396816758
566:  1.0 1.0 0.594267806726929
567:  1.0 1.0 0.1383617069267445
568:  1.0 1.0 0.6135035122796014
569:  1.0 1.0 0.2058183308653453
570:  1.0 1.0 0.8510273188036054
571:  1.0 1.0 0.09101087512937782
572:  1.0 1.0 0.110393886830743
573:  1.0 1.0 0.3183517807795424
574:  1.0 1.0 0.22657231396077362
575:  1.0 1.0 0.5462490115487075
576:  1.0 1.0 0.4353946671993466
577:  1.0 1.0 0.2666602555394029
578:  1.0 1.0 0.692914891410502
579:  1.0 1.0 0.48471021423692845
580:  1.0 1.0 0.11675541442575613
581:  1.0 1.0 0.06672880207037736
582:  1.0 1.0 0.9072276416548791
583:  1.0 1.0 0.5987622331833928
584:  1.0 1.0 0.884004088588763
585:  1.0 1.0 0.5425669239501932
586:  1.0 1.0 0.6512843083366269
587:  1.0 1.0 0.037691045736210335
588:  1.0 1.0 0.05933524828848653
589:  1.0 1.0 0.14548226078366946
590:  1.0 1.0 0.112407212295363
591:  1.0 1.0 0.8765473972251893
592:  1.0 1.0 0.13176732120104853
593:  1.0 1.0 0.13653716159119048
594:  1.0 1.0 0.08919343196530792
595:  1.0 1.0 0.10316180004480112
596:  1.0 1.0 0.23153435084805438
597:  1.0 1.0 0.326559205274848
598:  1.0 1.0 0.5440787964265696
599:  1.0 1.0 0.9268412448375184
600:  1.0 1.0 0.6587534901769533
601:  1.0 1.0 0.6643701358509654
602:  1.0 1.0 0.036920613545148966
603:  1.0 1.0 0.4103468294681372
604:  1.0 1.0 0.35376050144919285
605:  1.0 1.0 0.987493588474326
606:  1.0 1.0 0.6395317323027182
607:  1.0 1.0 0.946657047697137
608:  1.0 1.0 0.14290893342148883
609:  1.0 1.0 0.8246250456309749
610:  1.0 1.0 0.42881347927462593
611:  1.0 1.0 0.7629993037497211
612:  1.0 1.0 0.4113130083191263
613:  1.0 1.0 0.34996173623004545
614:  1.0 1.0 0.4147624258190136
615:  1.0 1.0 0.4305707314533474
616:  1.0 1.0 0.6710360727741275
617:  1.0 1.0 0.21384180839803082
618:  1.0 1.0 0.29390868505672874
619:  1.0 1.0 0.7648812595450459
620:  1.0 1.0 0.3683277089147487
621:  1.0 1.0 0.1913836910466795
622:  1.0 1.0 0.9986956470117883
623:  1.0 1.0 0.1478766438274366
624:  1.0 1.0 0.4052206996107651
625:  1.0 1.0 0.44129135463954555
626:  1.0 1.0 0.4558831673682414
627:  1.0 1.0 0.7936920898962901
628:  1.0 1.0 0.7666701627202354
629:  1.0 1.0 0.9350232783699572
630:  1.0 1.0 0.28094335415217664
631:  1.0 1.0 0.8752012306789904
632:  1.0 1.0 0.8105012181678088
633:  1.0 1.0 0.6249465853068998
634:  1.0 1.0 0.8319288683869016
635:  1.0 1.0 0.13055725855914002
636:  1.0 1.0 0.404274868343768
637:  1.0 1.0 0.2955064042129218
638:  1.0 1.0 0.3674879906996805
639:  1.0 1.0 0.8706365133738387
640:  1.0 1.0 0.9720877625035765
641:  1.0 1.0 0.929158387711196
642:  1.0 1.0 0.05079541643310224
643:  1.0 1.0 0.7089842590103982
644:  1.0 1.0 0.17503938375807118
645:  1.0 1.0 0.11535247582356575
646:  1.0 1.0 0.632278480372049
647:  1.0 1.0 0.43015532948183977
648:  1.0 1.0 0.874522286852303
649:  1.0 1.0 0.679079184930361
650:  1.0 1.0 0.7123913916636517
651:  1.0 1.0 0.8995979728154448
652:  1.0 1.0 0.1955394113303537
653:  1.0 1.0 0.08819443001094145
654:  1.0 1.0 0.5821146285198405
655:  1.0 1.0 0.876788040329447
656:  1.0 1.0 0.19893881553513193
657:  1.0 1.0 0.11054682544124188
658:  1.0 1.0 0.3186110496166909
659:  1.0 1.0 0.836454845534475
660:  1.0 1.0 0.5457747666960898
661:  1.0 1.0 0.7345473531572936
662:  1.0 1.0 0.9703171757088848
663:  1.0 1.0 0.2775365844212403
664:  1.0 1.0 0.051979977827533844
665:  1.0 1.0 0.7786105512647583
666:  1.0 1.0 0.19612558227940288
667:  1.0 1.0 0.47039074716887574
668:  1.0 1.0 0.8109492632787059
669:  1.0 1.0 0.3282629426973414
670:  1.0 1.0 0.879646586119512
671:  1.0 1.0 0.22006453758866243
672:  1.0 1.0 0.5732031071125036
673:  1.0 1.0 0.629316280210953
674:  1.0 1.0 0.9613787472149629
675:  1.0 1.0 0.8103062006478253
676:  1.0 1.0 0.49738284321277826
677:  1.0 1.0 0.5016771246576004
678:  1.0 1.0 0.21208516215701045
679:  1.0 1.0 0.026006508077434903
680:  1.0 1.0 0.3133421551520705
681:  1.0 1.0 0.7960660044937279
682:  1.0 1.0 0.2253313878006397
683:  1.0 1.0 0.4251484562532174
684:  1.0 1.0 0.7613316546342735
685:  1.0 1.0 0.5904533199599762
686:  1.0 1.0 0.9190183569481963
687:  1.0 1.0 0.16426994506732256
688:  1.0 1.0 0.5374035992955467
689:  1.0 1.0 0.8819963315404133
690:  1.0 1.0 0.13715703406480795
691:  1.0 1.0 0.960573532105424
692:  1.0 1.0 0.18146032706807558
693:  1.0 1.0 0.8822767851358049
694:  1.0 1.0 0.9091397969884513
695:  1.0 1.0 0.21527898019639233
696:  1.0 1.0 0.6821256225509789
697:  1.0 1.0 0.6228282237346209
698:  1.0 1.0 0.6810675922538095
699:  1.0 1.0 0.19585964176980766
700:  1.0 1.0 0.9802772997853483
701:  1.0 1.0 0.7717128576395608
702:  1.0 1.0 0.4742808185344103
703:  1.0 1.0 0.007201516143915707
704:  1.0 1.0 0.8191461181849987
705:  1.0 1.0 0.04998748305237535
706:  1.0 1.0 0.7310258537799001
707:  1.0 1.0 0.4774048476563882
708:  1.0 1.0 0.6129818440890749
709:  1.0 1.0 0.26967932523346994
710:  1.0 1.0 0.9430464806256479
711:  1.0 1.0 0.5669598601150146
712:  1.0 1.0 0.27041794722630375
713:  1.0 1.0 0.6507076316974201
714:  1.0 1.0 0.004146021404962727
715:  1.0 1.0 0.5935596089070984
716:  1.0 1.0 0.2184362680731516
717:  1.0 1.0 0.8688864745637292
718:  1.0 1.0 0.9508623097126643
719:  1.0 1.0 0.022763805528515563
720:  1.0 1.0 0.0026525522289993606
721:  1.0 1.0 0.20600201985858568
722:  1.0 1.0 0.33654083445142635
723:  1.0 1.0 0.9529762704763588
724:  1.0 1.0 0.8137885036271122
725:  1.0 1.0 0.9226529200426594
726:  1.0 1.0 0.4218706607499262
727:  1.0 1.0 0.7870767656942051
728:  1.0 1.0 0.6665927911226242
729:  1.0 1.0 0.03598841980870324
730:  1.0 1.0 0.6544780496800331
731:  1.0 1.0 0.6279977754713877
732:  1.0 1.0 0.01099632546778249
733:  1.0 1.0 0.4761188512335758
734:  1.0 1.0 0.849449738228546
735:  1.0 1.0 0.18831739189340813
736:  1.0 1.0 0.6764923852800563
737:  1.0 1.0 0.8569843560041934
738:  1.0 1.0 0.3551924772177827
739:  1.0 1.0 0.6091927612422651
740:  1.0 1.0 0.13236927602423648
741:  1.0 1.0 0.9088839511757316
742:  1.0 1.0 0.8629665387315956
743:  1.0 1.0 0.8505984437988625
744:  1.0 1.0 0.7319949323005899
745:  1.0 1.0 0.6091299858133535
746:  1.0 1.0 0.16644663795024806
747:  1.0 1.0 0.4624947546845881
748:  1.0 1.0 0.08859158121207539
749:  1.0 1.0 0.8462279224788217
750:  1.0 1.0 0.7905431033658123
751:  1.0 1.0 0.8292142274590049
752:  1.0 1.0 0.05740963068293412
753:  1.0 1.0 0.5458352097709409
754:  1.0 1.0 0.8796959547595152
755:  1.0 1.0 0.8318949300114755
756:  1.0 1.0 0.5555297772592579
757:  1.0 1.0 0.4145612625301337
758:  1.0 1.0 0.47764809922347384
759:  1.0 1.0 0.5987570317114274
760:  1.0 1.0 0.6322968924581119
761:  1.0 1.0 0.07072052561775131
762:  1.0 1.0 0.605924927471801
763:  1.0 1.0 0.2548851067278142
764:  1.0 1.0 0.2908258151986072
765:  1.0 1.0 0.8874930112409385
766:  1.0 1.0 0.8413163181298726
767:  1.0 1.0 0.022220806041772737
768:  1.0 1.0 0.7791547710384564
769:  1.0 1.0 0.7538719812073789
770:  1.0 1.0 0.20944183707968925
771:  1.0 1.0 0.6043844492462045
772:  1.0 1.0 0.4948382024435512
773:  1.0 1.0 0.9373944952098772
774:  1.0 1.0 0.9662810845829048
775:  1.0 1.0 0.8673419839567014
776:  1.0 1.0 0.48455715317968723
777:  1.0 1.0 0.00887417403229823
778:  1.0 1.0 0.060712891999437364
779:  1.0 1.0 0.7870117092226895
780:  1.0 1.0 0.6506286448713868
781:  1.0 1.0 0.5605192649257689
782:  1.0 1.0 0.044277019186241585
783:  1.0 1.0 0.6651219057911569
784:  1.0 1.0 0.9298624833450909
785:  1.0 1.0 0.4389198719444822
786:  1.0 1.0 0.6598906656675629
787:  1.0 1.0 0.29518642414371404
788:  1.0 1.0 0.0045701752870264765
789:  1.0 1.0 0.7687386388019464
790:  1.0 1.0 0.8786618141936522
791:  1.0 1.0 0.8544168268121133
792:  1.0 1.0 0.29624158529737515
793:  1.0 1.0 0.4830526755675145
794:  1.0 1.0 0.6926051985042468
795:  1.0 1.0 0.9912235232688364
796:  1.0 1.0 0.5853612590783037
797:  1.0 1.0 0.1911767965553773
798:  1.0 1.0 0.24880594754538865
799:  1.0 1.0 0.6202186251903014
800:  1.0 1.0 0.32408883810157024
801:  1.0 1.0 0.17153051856110083
802:  1.0 1.0 0.22167689949915936
803:  1.0 1.0 0.5519026697206432
804:  1.0 1.0 0.6671283655216216
805:  1.0 1.0 0.005562483158496789
806:  1.0 1.0 0.9481114011732954
807:  1.0 1.0 0.27467897074479
808:  1.0 1.0 0.11235872125521199
809:  1.0 1.0 0.4884160068428041
810:  1.0 1.0 0.4503199984755622
811:  1.0 1.0 0.46183206519114683
812:  1.0 1.0 0.6179524613574815
813:  1.0 1.0 0.7461329539820272
814:  1.0 1.0 0.4829026122649017
815:  1.0 1.0 0.7388905038795781
816:  1.0 1.0 0.6835176100296952
817:  1.0 1.0 0.5684755648905219
818:  1.0 1.0 0.19419082710287636
819:  1.0 1.0 0.36569965026467977
820:  1.0 1.0 0.5151340724603395
821:  1.0 1.0 0.9321373624080058
822:  1.0 1.0 0.3692259878316214
823:  1.0 1.0 0.6004526159616371
824:  1.0 1.0 0.9625783500574763
825:  1.0 1.0 0.684923892336051
826:  1.0 1.0 0.7983015847009666
827:  1.0 1.0 0.3925115231811625
828:  1.0 1.0 0.04511186731661282
829:  1.0 1.0 0.42258685083311015
830:  1.0 1.0 0.8115898071005567
831:  1.0 1.0 0.6629134785422243
832:  1.0 1.0 0.7348777851917597
833:  1.0 1.0 0.8438761337713496
834:  1.0 1.0 0.02475211645587004
835:  1.0 1.0 0.6594979527778679
836:  1.0 1.0 0.9155014908138155
837:  1.0 1.0 0.4643223562693608
838:  1.0 1.0 0.4298593528401714
839:  1.0 1.0 0.4431382440562315
840:  1.0 1.0 0.943424017362018
841:  1.0 1.0 0.6299635248078089
842:  1.0 1.0 0.34692155712357153
843:  1.0 1.0 0.19010767879099294
844:  1.0 1.0 0.9427721424444357
845:  1.0 1.0 0.53677349974953
846:  1.0 1.0 0.183280169552346
847:  1.0 1.0 0.5132056714051098
848:  1.0 1.0 0.07540443391171847
849:  1.0 1.0 0.5024933274250677
850:  1.0 1.0 0.7622723383024883
851:  1.0 1.0 0.7765299765465938
852:  1.0 1.0 0.6151395425349222
853:  1.0 1.0 0.419801795022663
854:  1.0 1.0 0.8171650501589269
855:  1.0 1.0 0.2572882054031666
856:  1.0 1.0 0.6277069575608428
857:  1.0 1.0 0.7607181381803559
858:  1.0 1.0 0.9173160028639387
859:  1.0 1.0 0.4341225249469617
860:  1.0 1.0 0.7985650702489268
861:  1.0 1.0 0.2851162705598086
862:  1.0 1.0 0.08870638219191852
863:  1.0 1.0 0.6953680565593916
864:  1.0 1.0 0.03828830538879648
865:  1.0 1.0 0.9633838427836464
866:  1.0 1.0 0.8685976460542854
867:  1.0 1.0 0.7916217126634331
868:  1.0 1.0 0.7565059571893653
869:  1.0 1.0 0.5724995584767719
870:  1.0 1.0 0.17505648399263626
871:  1.0 1.0 0.6308953678830638
872:  1.0 1.0 0.22420095736555204
873:  1.0 1.0 0.12008897218758252
874:  1.0 1.0 0.6401526175300791
875:  1.0 1.0 0.4120928067178384
876:  1.0 1.0 0.019720643468470543
877:  1.0 1.0 0.16592998811577905
878:  1.0 1.0 0.965152431075647
879:  1.0 1.0 0.8878533651185524
880:  1.0 1.0 0.3358066846435305
881:  1.0 1.0 0.943704201193435
882:  1.0 1.0 0.9431907654599516
883:  1.0 1.0 0.22620339248865215
884:  1.0 1.0 0.9311616804522461
885:  1.0 1.0 0.5813675660869756
886:  1.0 1.0 0.19639453566667397
887:  1.0 1.0 0.17084001997703113
888:  1.0 1.0 0.23861462527036562
889:  1.0 1.0 0.573179334159115
890:  1.0 1.0 0.8302701009198039
891:  1.0 1.0 0.9314921908087662
892:  1.0 1.0 0.3088862462968414
893:  1.0 1.0 0.5555164006210298
894:  1.0 1.0 0.5498044117006103
895:  1.0 1.0 0.4400984059495983
896:  1.0 1.0 0.9197042064709677
897:  1.0 1.0 0.21115037386367716
898:  1.0 1.0 0.8540612358667317
899:  1.0 1.0 0.2770573041022343
900:  1.0 1.0 0.45575558788473464
901:  1.0 1.0 0.19697808875803743
902:  1.0 1.0 0.3031974064650644
903:  1.0 1.0 0.7079342146002002
904:  1.0 1.0 0.7184693236264228
905:  1.0 1.0 0.1855852353492823
906:  1.0 1.0 0.3988867577603618
907:  1.0 1.0 0.9478702657805789
908:  1.0 1.0 0.856655045768122
909:  1.0 1.0 0.6895949975090081
910:  1.0 1.0 0.2606140231885331
911:  1.0 1.0 0.04722946926941092
912:  1.0 1.0 0.28688231110458196
913:  1.0 1.0 0.5882683409397148
914:  1.0 1.0 0.1905569004619251
915:  1.0 1.0 0.5832413589380647
916:  1.0 1.0 0.4027888484093925
917:  1.0 1.0 0.672519352487918
918:  1.0 1.0 0.21856220334976423
919:  1.0 1.0 0.19346821564362737
920:  1.0 1.0 0.48248949715645395
921:  1.0 1.0 0.12484129817402732
922:  1.0 1.0 0.12356739019143016
923:  1.0 1.0 0.004268602913502711
924:  1.0 1.0 0.37317040604606605
925:  1.0 1.0 0.6659189586134187
926:  1.0 1.0 0.5664006201395105
927:  1.0 1.0 0.7518688919098444
928:  1.0 1.0 0.021111462144003775
929:  1.0 1.0 0.11666337651461432
930:  1.0 1.0 0.8500177332618202
931:  1.0 1.0 0.04878427006223386
932:  1.0 1.0 0.8429621167350827
933:  1.0 1.0 0.01656795724423079
934:  1.0 1.0 0.8395332306647595
935:  1.0 1.0 0.8587058668911552
936:  1.0 1.0 0.2580118788597443
937:  1.0 1.0 0.4394388657933327
938:  1.0 1.0 0.12688736952757163
939:  1.0 1.0 0.7263469648019566
940:  1.0 1.0 0.09389682820466592
941:  1.0 1.0 0.005113866550419715
942:  1.0 1.0 0.8249225380415666
943:  1.0 1.0 0.6424966396294549
944:  1.0 1.0 0.8117815931686416
945:  1.0 1.0 0.7738303564116856
946:  1.0 1.0 0.9684184032534808
947:  1.0 1.0 0.4711345098718022
948:  1.0 1.0 0.350816978916087
949:  1.0 1.0 0.3585085408673168
950:  1.0 1.0 0.5049052724100977
951:  1.0 1.0 0.05174895421522671
952:  1.0 1.0 0.7656530921290111
953:  1.0 1.0 0.4519945123067851
954:  1.0 1.0 0.09434469244322263
955:  1.0 1.0 0.41095414249242557
956:  1.0 1.0 0.3928481448884998
957:  1.0 1.0 0.5318219655529487
958:  1.0 1.0 0.13463492114304426
959:  1.0 1.0 0.25550639321421176
960:  1.0 1.0 0.2137056442776267
961:  1.0 1.0 0.6891179631840433
962:  1.0 1.0 0.32380094276517013
963:  1.0 1.0 0.9540323499556524
964:  1.0 1.0 0.6597504833612174
965:  1.0 1.0 0.5314621154685897
966:  1.0 1.0 0.6639392491358962
967:  1.0 1.0 0.27059203519838343
968:  1.0 1.0 0.6239337385292524
969:  1.0 1.0 0.8580489350811018
970:  1.0 1.0 0.7978842326330094
971:  1.0 1.0 0.5560494746151935
972:  1.0 1.0 0.947615375966968
973:  1.0 1.0 0.08070832977202767
974:  1.0 1.0 0.8002131002556858
975:  1.0 1.0 0.8509081986563373
976:  1.0 1.0 0.7374810869026965
977:  1.0 1.0 0.8059577380503864
978:  1.0 1.0 0.7262968092763221
979:  1.0 1.0 0.632227612512732
980:  1.0 1.0 0.6060761244775619
981:  1.0 1.0 0.5290502025420217
982:  1.0 1.0 0.39446143905635955
983:  1.0 1.0 0.7535840096007125
984:  1.0 1.0 0.005330083206713331
985:  1.0 1.0 0.6897296259730458
986:  1.0 1.0 0.30727239636808673
987:  1.0 1.0 0.09283346157334091
988:  1.0 1.0 0.017061283077185695
989:  1.0 1.0 0.8565469412925585
990:  1.0 1.0 0.6073888408431783
991:  1.0 1.0 0.7715290952183528
992:  1.0 1.0 0.10352399273672734
993:  1.0 1.0 0.444796706734568
994:  1.0 1.0 0.8854096957210993
995:  1.0 1.0 0.6988762192095475
996:  1.0 1.0 0.6054851971550603
997:  1.0 1.0 0.6458617073779855
998:  1.0 1.0 0.9774816095073133
999:  1.0 1.0 0.6711071387132124
